spawns: 
  default: 
    world: world
    x: 1007.7663832013474
    y: 4.0
    z: -73.22381438640163
    yaw: -122.66913
    pitch: 38.922977
  guard1: 
    world: world
    x: 1015.2764018503287
    y: 4.0
    z: -78.60457450248471
    yaw: -274.61905
    pitch: 29.850012
