spawns: 
  default: 
    world: world
    x: 1007.7663832013474
    y: 4.0
    z: -73.22381438640163
    yaw: -122.66913
    pitch: 38.922977
