timestamps:
  login: 1400456559300
  logout: 1400456818799
  lastteleport: 1398880696441
ipAddress: 127.0.0.1
logoutlocation:
  world: world
  x: 1132.3577771286875
  y: 4.0009999999999994
  z: 33.52015009824878
  yaw: -152.73888
  pitch: -0.0
lastlocation:
  world: world
  x: 1194.4334792532045
  y: 4.0009999999999994
  z: 25.91454487220507
  yaw: 90.0
  pitch: -0.0
