timestamps:
  login: 1398621085792
  logout: 1398621217479
ipAddress: 127.0.0.1
logoutlocation:
  world: world
  x: 1129.6610261247188
  y: 4.0009999999999994
  z: 36.49230999527774
  yaw: 197.87628
  pitch: -0.0
lastlocation:
  world: world
  x: 1124.652839562149
  y: 4.0009999999999994
  z: 50.502000959586404
  yaw: 144.76309
  pitch: -0.0
