timestamps:
  login: 1398617411829
  logout: 1398617920241
ipAddress: 127.0.0.1
logoutlocation:
  world: world
  x: 1119.5
  y: 4.0009999999999994
  z: 69.5
  yaw: 68.34053
  pitch: 12.989086
lastlocation:
  world: world
  x: 1000.5
  y: 4.0009999999999994
  z: -74.5
  yaw: 17.63727
  pitch: 3.8425195
afk: false
