timestamps:
  login: 1400852987549
  logout: 1400853149821
ipAddress: 127.0.0.1
logoutlocation:
  world: world
  x: 1119.5
  y: 4.0009999999999994
  z: 70.5
  yaw: 12.067769
  pitch: 9.921583
lastlocation:
  world: world
  x: 1000.5
  y: 4.0009999999999994
  z: -74.5
  yaw: 17.63727
  pitch: 3.8425195
afk: false
