timestamps:
  login: 1400852987550
  logout: 1400853149821
ipAddress: 127.0.0.1
logoutlocation:
  world: world
  x: 1104.5
  y: 4.0009999999999994
  z: 134.5
  yaw: 237.42125
  pitch: 5.1816807
lastlocation:
  world: world
  x: 1104.5500000029194
  y: 4.0
  z: 134.5
  yaw: 36.869896
  pitch: 52.363144
afk: false
