timestamps:
  login: 1400852987550
  logout: 1400853149821
ipAddress: 127.0.0.1
lastlocation:
  world: world
  x: 1104.5
  y: 4.007718464100113
  z: 140.5
  yaw: 175.76361
  pitch: 28.780426
logoutlocation:
  world: world
  x: 1104.5
  y: 4.0009999999999994
  z: 140.5
  yaw: -17.07641
  pitch: 4.632073
afk: false
