timestamps:
  login: 1398619283536
  logout: 1398616995064
  lastteleport: 1398616987446
ipAddress: 127.0.0.1
logoutlocation:
  world: world
  x: 1001.9649313324769
  y: 4.0
  z: -76.37676141921922
  yaw: 249.44995
  pitch: 21.600008
afk: true
lastlocation:
  world: world
  x: 914.35689971014
  y: 14.30402779283684
  z: -106.16359955817614
  yaw: 223.1994
  pitch: 31.349976
