timestamps:
  login: 1400853045170
  logout: 1400853147321
  lastteleport: 1400510986522
ipAddress: 127.0.0.1
lastlocation:
  world: world
  x: 1112.6836762851087
  y: 4.0
  z: 20.90822678899422
  yaw: 0.0
  pitch: -0.0
logoutlocation:
  world: world
  x: 1162.3802080806631
  y: 4.0009999999999994
  z: 23.031609028356122
  yaw: 270.0
  pitch: -0.0
afk: false
