timestamps:
  login: 1397927903092
  logout: 1397928758091
ipAddress: 127.0.0.1
lastlocation:
  world: world
  x: 1008.7299211520008
  y: 4.0009999999999994
  z: -75.51463734113865
  yaw: 169.24005
  pitch: -0.0
logoutlocation:
  world: world
  x: 1006.702825876354
  y: 4.0009999999999994
  z: -74.07143240616956
  yaw: 54.763096
  pitch: -0.0
