timestamps:
  login: 1398621025457
  logout: 1398621074980
ipAddress: 127.0.0.1
lastlocation:
  world: world
  x: 1109.1965483017432
  y: 4.0009999999999994
  z: 16.776227360357584
  yaw: -114.47697
  pitch: -0.0
logoutlocation:
  world: world
  x: 1144.3293963005863
  y: 4.0009999999999994
  z: 26.775354869973746
  yaw: 170.37431
  pitch: -0.0
