timestamps:
  login: 1398101011341
  logout: 1398101079431
ipAddress: 127.0.0.1
lastlocation:
  world: world
  x: 1114.6961325622462
  y: 4.0009999999999994
  z: 136.137256789671
  yaw: 152.22322
  pitch: -0.0
logoutlocation:
  world: world
  x: 1109.4961485457936
  y: 4.0009999999999994
  z: 138.1760348779072
  yaw: -25.7831
  pitch: -0.0
