timestamps:
  login: 1400851433507
  logout: 1400780124948
  lastteleport: 1398806775455
ipAddress: 127.0.0.1
logoutlocation:
  world: world
  x: 1185.942689004314
  y: 4.0
  z: 37.3378017355109
  yaw: 17.247803
  pitch: 55.20003
afk: true
lastlocation:
  world: world
  x: 812.3274424994289
  y: 21.803997462142
  z: -0.6210242544316771
  yaw: 180.56874
  pitch: 26.699871
