timestamps:
  login: 1397944601351
  logout: 1397944887071
ipAddress: 127.0.0.1
lastlocation:
  world: world
  x: 1031.8918076656066
  y: 2.9643509999999997
  z: -86.32579304231858
  yaw: 170.25842
  pitch: 44.97574
logoutlocation:
  world: world
  x: 1008.8045608408896
  y: 4.0009999999999994
  z: -75.22924089340508
  yaw: 88.52198
  pitch: -0.0
