timestamps:
  login: 1397927876233
  logout: 1397928163091
ipAddress: 127.0.0.1
logoutlocation:
  world: world
  x: 1013.516867227604
  y: 4.0
  z: -74.69020179564592
  yaw: -325.76907
  pitch: 24.972952
