timestamps:
  login: 1398100981583
  logout: 1398101156931
ipAddress: 127.0.0.1
logoutlocation:
  world: world
  x: 1133.9649963569022
  y: 4.0
  z: 151.3099354413792
  yaw: 168.82306
  pitch: -2.2368746
afk: false
lastlocation:
  world: world
  x: 585.3598789117341
  y: 11.142151311863577
  z: 133.73855436827395
  yaw: -314.7003
  pitch: -5.400069
